[
    {
        "player": "Alex Debrincat",
        "team": "DET",
        "opponent": "ARI",
        "propType": "ast",
        "line": 0.5,
        "ppLine": "",
        "avg": 0.5,
        "hit": false,
        "diffAvg": 0.0,
        "diffAbs": 0.2,
        "lastAvg": 0.48,
        "diff": -0.04,
        "avgMin": 17,
        "proj": 0.4,
        "lastAvgMin": 19.0,
        "oppOver": 0,
        "teamOver": 0,
        "gameLine": "-148",
        "+/-": "+1",
        "L5_+/-": "+3.0",
        "prevMatchup": "",
        "winLossSplits": "58% - 31%",
        "awayHome": "A",
        "playedYesterday": "N",
        "awayHomeSplits": "45% - 45%",
        "savesAboveExp": -0.65,
        "gsaa": 8.2,
        "corsi": "47.0% (56.4) // 47.0% (57.4) // 43.9% (54.8) // 45.3% (57.4)",
        "fenwick": "46.9% (41.3) // 45.6% (40.5) // 44.0% (37.8) // 41.0% (36.1)",
        "shots": "47.6% (29.2) // 43.1% (26.7) // 41.0% (25.1) // 36.6% (22.3)",
        "scoring": "46.7% (27.3) // 47.5% (27.6) // 43.5% (26.1) // 44.4% (27.2)",
        "corsiAgainst": "53.0% (63.7) // 53.0% (64.7) // 56.1% (70.1) // 54.7% (69.2)",
        "fenwickAgainst": "53.1% (46.7) // 54.4% (48.3) // 56.0% (48.0) // 59.0% (51.9)",
        "shotsAgainst": "52.4% (32.1) // 56.9% (35.2) // 59.0% (36.0) // 63.4% (38.6)",
        "scoringAgainst": "53.3% (31.2) // 52.5% (30.5) // 56.5% (33.9) // 55.6% (34.1)",
        "oppCorsi": "47.5% (54.9) // 50.6% (58.6) // 47.5% (57.2) // 49.9% (61.6)",
        "oppFenwick": "47.1% (39.9) // 49.6% (42.4) // 46.1% (41.2) // 48.5% (43.4)",
        "oppShots": "46.5% (27.0) // 48.9% (28.4) // 44.4% (26.8) // 46.5% (28.4)",
        "oppScoring": "47.6% (27.8) // 52.0% (29.5) // 46.3% (27.4) // 49.7% (30.3)",
        "oppCorsiAgainst": "52.5% (60.8) // 49.4% (57.3) // 52.5% (63.1) // 50.1% (61.9)",
        "oppFenwickAgainst": "52.9% (44.8) // 50.4% (43.0) // 53.9% (48.1) // 51.5% (46.0)",
        "oppShotsAgainst": "53.5% (31.0) // 51.1% (29.7) // 55.6% (33.5) // 53.5% (32.6)",
        "oppScoringAgainst": "52.4% (30.5) // 48.0% (27.2) // 53.7% (31.8) // 50.3% (30.6)",
        "totalOver": 45,
        "totalOverLast5": 40,
        "totalOverLast15": 47,
        "lastTotalOver": 41,
        "last5": "1,0,0,0,1,1,0,1,1,0",
        "fd": "0",
        "dk": "+154/-200",
        "kambi": "0",
        "lowest": "154 DK",
        "implied": 39.37007874015748,
        "overOdds": "+154",
        "underOdds": "-200",
        "overUnder": "+154 / -200"
    },
    {
        "player": "Barrett Hayton",
        "team": "ARI",
        "opponent": "DET",
        "propType": "ast",
        "line": 0.5,
        "ppLine": "",
        "avg": 0.16,
        "hit": false,
        "diffAvg": -0.68,
        "diffAbs": 0.4,
        "lastAvg": 0.29,
        "diff": -0.42,
        "avgMin": 17,
        "proj": 0.3,
        "lastAvgMin": 17.48,
        "oppOver": 0,
        "teamOver": 0,
        "gameLine": "+124",
        "+/-": -13,
        "L5_+/-": -9.0,
        "prevMatchup": "",
        "winLossSplits": "20% - 14%",
        "awayHome": "H",
        "playedYesterday": "Y",
        "awayHomeSplits": "22% - 8%",
        "savesAboveExp": "-",
        "gsaa": 7.67,
        "corsi": "47.5% (54.9) // 50.6% (58.6) // 47.5% (57.2) // 49.9% (61.6)",
        "fenwick": "47.1% (39.9) // 49.6% (42.4) // 46.1% (41.2) // 48.5% (43.4)",
        "shots": "46.5% (27.0) // 48.9% (28.4) // 44.4% (26.8) // 46.5% (28.4)",
        "scoring": "47.6% (27.8) // 52.0% (29.5) // 46.3% (27.4) // 49.7% (30.3)",
        "corsiAgainst": "52.5% (60.8) // 49.4% (57.3) // 52.5% (63.1) // 50.1% (61.9)",
        "fenwickAgainst": "52.9% (44.8) // 50.4% (43.0) // 53.9% (48.1) // 51.5% (46.0)",
        "shotsAgainst": "53.5% (31.0) // 51.1% (29.7) // 55.6% (33.5) // 53.5% (32.6)",
        "scoringAgainst": "52.4% (30.5) // 48.0% (27.2) // 53.7% (31.8) // 50.3% (30.6)",
        "oppCorsi": "47.0% (56.4) // 47.0% (57.4) // 43.9% (54.8) // 45.3% (57.4)",
        "oppFenwick": "46.9% (41.3) // 45.6% (40.5) // 44.0% (37.8) // 41.0% (36.1)",
        "oppShots": "47.6% (29.2) // 43.1% (26.7) // 41.0% (25.1) // 36.6% (22.3)",
        "oppScoring": "46.7% (27.3) // 47.5% (27.6) // 43.5% (26.1) // 44.4% (27.2)",
        "oppCorsiAgainst": "53.0% (63.7) // 53.0% (64.7) // 56.1% (70.1) // 54.7% (69.2)",
        "oppFenwickAgainst": "53.1% (46.7) // 54.4% (48.3) // 56.0% (48.0) // 59.0% (51.9)",
        "oppShotsAgainst": "52.4% (32.1) // 56.9% (35.2) // 59.0% (36.0) // 63.4% (38.6)",
        "oppScoringAgainst": "53.3% (31.2) // 52.5% (30.5) // 56.5% (33.9) // 55.6% (34.1)",
        "totalOver": 16,
        "totalOverLast5": 40,
        "totalOverLast15": 20,
        "lastTotalOver": 24,
        "last5": "1,0,0,1,0,0,0,0,0,0",
        "fd": "0",
        "dk": "+220/-298",
        "kambi": "0",
        "lowest": "220 DK",
        "implied": 31.25,
        "overOdds": "+220",
        "underOdds": "-298",
        "overUnder": "+220 / -298"
    },
    {
        "player": "Clayton Keller",
        "team": "ARI",
        "opponent": "DET",
        "propType": "ast",
        "line": 0.5,
        "ppLine": "",
        "avg": 0.51,
        "hit": false,
        "diffAvg": 0.02,
        "diffAbs": 0.0,
        "lastAvg": 0.58,
        "diff": 0.16,
        "avgMin": 19,
        "proj": 0.5,
        "lastAvgMin": 20.75,
        "oppOver": 0,
        "teamOver": 0,
        "gameLine": "+124",
        "+/-": -23,
        "L5_+/-": -8.0,
        "prevMatchup": "",
        "winLossSplits": "57% - 31%",
        "awayHome": "H",
        "playedYesterday": "Y",
        "awayHomeSplits": "43% - 39%",
        "savesAboveExp": "-",
        "gsaa": 7.67,
        "corsi": "47.5% (54.9) // 50.6% (58.6) // 47.5% (57.2) // 49.9% (61.6)",
        "fenwick": "47.1% (39.9) // 49.6% (42.4) // 46.1% (41.2) // 48.5% (43.4)",
        "shots": "46.5% (27.0) // 48.9% (28.4) // 44.4% (26.8) // 46.5% (28.4)",
        "scoring": "47.6% (27.8) // 52.0% (29.5) // 46.3% (27.4) // 49.7% (30.3)",
        "corsiAgainst": "52.5% (60.8) // 49.4% (57.3) // 52.5% (63.1) // 50.1% (61.9)",
        "fenwickAgainst": "52.9% (44.8) // 50.4% (43.0) // 53.9% (48.1) // 51.5% (46.0)",
        "shotsAgainst": "53.5% (31.0) // 51.1% (29.7) // 55.6% (33.5) // 53.5% (32.6)",
        "scoringAgainst": "52.4% (30.5) // 48.0% (27.2) // 53.7% (31.8) // 50.3% (30.6)",
        "oppCorsi": "47.0% (56.4) // 47.0% (57.4) // 43.9% (54.8) // 45.3% (57.4)",
        "oppFenwick": "46.9% (41.3) // 45.6% (40.5) // 44.0% (37.8) // 41.0% (36.1)",
        "oppShots": "47.6% (29.2) // 43.1% (26.7) // 41.0% (25.1) // 36.6% (22.3)",
        "oppScoring": "46.7% (27.3) // 47.5% (27.6) // 43.5% (26.1) // 44.4% (27.2)",
        "oppCorsiAgainst": "53.0% (63.7) // 53.0% (64.7) // 56.1% (70.1) // 54.7% (69.2)",
        "oppFenwickAgainst": "53.1% (46.7) // 54.4% (48.3) // 56.0% (48.0) // 59.0% (51.9)",
        "oppShotsAgainst": "52.4% (32.1) // 56.9% (35.2) // 59.0% (36.0) // 63.4% (38.6)",
        "oppScoringAgainst": "53.3% (31.2) // 52.5% (30.5) // 56.5% (33.9) // 55.6% (34.1)",
        "totalOver": 41,
        "totalOverLast5": 40,
        "totalOverLast15": 40,
        "lastTotalOver": 49,
        "last5": "0,0,0,1,1,0,0,0,1,2",
        "fd": "0",
        "dk": "+110/-140",
        "kambi": "0",
        "lowest": "110 DK",
        "implied": 47.61904761904761,
        "overOdds": "+110",
        "underOdds": "-140",
        "overUnder": "+110 / -140"
    },
    {
        "player": "Dylan Guenther",
        "team": "ARI",
        "opponent": "DET",
        "propType": "ast",
        "line": 0.5,
        "ppLine": "",
        "avg": 0.35,
        "hit": false,
        "diffAvg": -0.3,
        "diffAbs": 0.4,
        "lastAvg": 0.27,
        "diff": -0.46,
        "avgMin": 15,
        "proj": 0.3,
        "lastAvgMin": 13.1,
        "oppOver": 0,
        "teamOver": 0,
        "gameLine": "+124",
        "+/-": -2,
        "L5_+/-": -5.0,
        "prevMatchup": "",
        "winLossSplits": "67% - 20%",
        "awayHome": "H",
        "playedYesterday": "Y",
        "awayHomeSplits": "43% - 17%",
        "savesAboveExp": "-",
        "gsaa": 7.67,
        "corsi": "47.5% (54.9) // 50.6% (58.6) // 47.5% (57.2) // 49.9% (61.6)",
        "fenwick": "47.1% (39.9) // 49.6% (42.4) // 46.1% (41.2) // 48.5% (43.4)",
        "shots": "46.5% (27.0) // 48.9% (28.4) // 44.4% (26.8) // 46.5% (28.4)",
        "scoring": "47.6% (27.8) // 52.0% (29.5) // 46.3% (27.4) // 49.7% (30.3)",
        "corsiAgainst": "52.5% (60.8) // 49.4% (57.3) // 52.5% (63.1) // 50.1% (61.9)",
        "fenwickAgainst": "52.9% (44.8) // 50.4% (43.0) // 53.9% (48.1) // 51.5% (46.0)",
        "shotsAgainst": "53.5% (31.0) // 51.1% (29.7) // 55.6% (33.5) // 53.5% (32.6)",
        "scoringAgainst": "52.4% (30.5) // 48.0% (27.2) // 53.7% (31.8) // 50.3% (30.6)",
        "oppCorsi": "47.0% (56.4) // 47.0% (57.4) // 43.9% (54.8) // 45.3% (57.4)",
        "oppFenwick": "46.9% (41.3) // 45.6% (40.5) // 44.0% (37.8) // 41.0% (36.1)",
        "oppShots": "47.6% (29.2) // 43.1% (26.7) // 41.0% (25.1) // 36.6% (22.3)",
        "oppScoring": "46.7% (27.3) // 47.5% (27.6) // 43.5% (26.1) // 44.4% (27.2)",
        "oppCorsiAgainst": "53.0% (63.7) // 53.0% (64.7) // 56.1% (70.1) // 54.7% (69.2)",
        "oppFenwickAgainst": "53.1% (46.7) // 54.4% (48.3) // 56.0% (48.0) // 59.0% (51.9)",
        "oppShotsAgainst": "52.4% (32.1) // 56.9% (35.2) // 59.0% (36.0) // 63.4% (38.6)",
        "oppScoringAgainst": "53.3% (31.2) // 52.5% (30.5) // 56.5% (33.9) // 55.6% (34.1)",
        "totalOver": 31,
        "totalOverLast5": 40,
        "totalOverLast15": 27,
        "lastTotalOver": 0,
        "last5": "0,0,2,1,0,0,1,0,0,0",
        "fd": "0",
        "dk": "+200/-270",
        "kambi": "0",
        "lowest": "200 DK",
        "implied": 33.33333333333333,
        "overOdds": "+200",
        "underOdds": "-270",
        "overUnder": "+200 / -270"
    },
    {
        "player": "Jt Compher",
        "team": "DET",
        "opponent": "ARI",
        "propType": "ast",
        "line": 0.5,
        "ppLine": "",
        "avg": 0.37,
        "hit": false,
        "diffAvg": -0.26,
        "diffAbs": 0.2,
        "lastAvg": 0.39,
        "diff": -0.22,
        "avgMin": 19,
        "proj": 0.4,
        "lastAvgMin": 20.53,
        "oppOver": 0,
        "teamOver": 0,
        "gameLine": "-148",
        "+/-": "+2",
        "L5_+/-": "+3.0",
        "prevMatchup": "",
        "winLossSplits": "41% - 24%",
        "awayHome": "A",
        "playedYesterday": "N",
        "awayHomeSplits": "33% - 33%",
        "savesAboveExp": -0.65,
        "gsaa": 8.2,
        "corsi": "47.0% (56.4) // 47.0% (57.4) // 43.9% (54.8) // 45.3% (57.4)",
        "fenwick": "46.9% (41.3) // 45.6% (40.5) // 44.0% (37.8) // 41.0% (36.1)",
        "shots": "47.6% (29.2) // 43.1% (26.7) // 41.0% (25.1) // 36.6% (22.3)",
        "scoring": "46.7% (27.3) // 47.5% (27.6) // 43.5% (26.1) // 44.4% (27.2)",
        "corsiAgainst": "53.0% (63.7) // 53.0% (64.7) // 56.1% (70.1) // 54.7% (69.2)",
        "fenwickAgainst": "53.1% (46.7) // 54.4% (48.3) // 56.0% (48.0) // 59.0% (51.9)",
        "shotsAgainst": "52.4% (32.1) // 56.9% (35.2) // 59.0% (36.0) // 63.4% (38.6)",
        "scoringAgainst": "53.3% (31.2) // 52.5% (30.5) // 56.5% (33.9) // 55.6% (34.1)",
        "oppCorsi": "47.5% (54.9) // 50.6% (58.6) // 47.5% (57.2) // 49.9% (61.6)",
        "oppFenwick": "47.1% (39.9) // 49.6% (42.4) // 46.1% (41.2) // 48.5% (43.4)",
        "oppShots": "46.5% (27.0) // 48.9% (28.4) // 44.4% (26.8) // 46.5% (28.4)",
        "oppScoring": "47.6% (27.8) // 52.0% (29.5) // 46.3% (27.4) // 49.7% (30.3)",
        "oppCorsiAgainst": "52.5% (60.8) // 49.4% (57.3) // 52.5% (63.1) // 50.1% (61.9)",
        "oppFenwickAgainst": "52.9% (44.8) // 50.4% (43.0) // 53.9% (48.1) // 51.5% (46.0)",
        "oppShotsAgainst": "53.5% (31.0) // 51.1% (29.7) // 55.6% (33.5) // 53.5% (32.6)",
        "oppScoringAgainst": "52.4% (30.5) // 48.0% (27.2) // 53.7% (31.8) // 50.3% (30.6)",
        "totalOver": 33,
        "totalOverLast5": 20,
        "totalOverLast15": 33,
        "lastTotalOver": 30,
        "last5": "0,0,0,1,0,0,0,1,0,0",
        "fd": "0",
        "dk": "+154/-200",
        "kambi": "0",
        "lowest": "154 DK",
        "implied": 39.37007874015748,
        "overOdds": "+154",
        "underOdds": "-200",
        "overUnder": "+154 / -200"
    },
    {
        "player": "Lawson Crouse",
        "team": "ARI",
        "opponent": "DET",
        "propType": "ast",
        "line": 0.5,
        "ppLine": "",
        "avg": 0.21,
        "hit": false,
        "diffAvg": -0.58,
        "diffAbs": 0.4,
        "lastAvg": 0.27,
        "diff": -0.46,
        "avgMin": 17,
        "proj": 0.3,
        "lastAvgMin": 17.75,
        "oppOver": 0,
        "teamOver": 0,
        "gameLine": "+124",
        "+/-": -3,
        "L5_+/-": "+3.0",
        "prevMatchup": "",
        "winLossSplits": "24% - 16%",
        "awayHome": "H",
        "playedYesterday": "Y",
        "awayHomeSplits": "16% - 23%",
        "savesAboveExp": "-",
        "gsaa": 7.67,
        "corsi": "47.5% (54.9) // 50.6% (58.6) // 47.5% (57.2) // 49.9% (61.6)",
        "fenwick": "47.1% (39.9) // 49.6% (42.4) // 46.1% (41.2) // 48.5% (43.4)",
        "shots": "46.5% (27.0) // 48.9% (28.4) // 44.4% (26.8) // 46.5% (28.4)",
        "scoring": "47.6% (27.8) // 52.0% (29.5) // 46.3% (27.4) // 49.7% (30.3)",
        "corsiAgainst": "52.5% (60.8) // 49.4% (57.3) // 52.5% (63.1) // 50.1% (61.9)",
        "fenwickAgainst": "52.9% (44.8) // 50.4% (43.0) // 53.9% (48.1) // 51.5% (46.0)",
        "shotsAgainst": "53.5% (31.0) // 51.1% (29.7) // 55.6% (33.5) // 53.5% (32.6)",
        "scoringAgainst": "52.4% (30.5) // 48.0% (27.2) // 53.7% (31.8) // 50.3% (30.6)",
        "oppCorsi": "47.0% (56.4) // 47.0% (57.4) // 43.9% (54.8) // 45.3% (57.4)",
        "oppFenwick": "46.9% (41.3) // 45.6% (40.5) // 44.0% (37.8) // 41.0% (36.1)",
        "oppShots": "47.6% (29.2) // 43.1% (26.7) // 41.0% (25.1) // 36.6% (22.3)",
        "oppScoring": "46.7% (27.3) // 47.5% (27.6) // 43.5% (26.1) // 44.4% (27.2)",
        "oppCorsiAgainst": "53.0% (63.7) // 53.0% (64.7) // 56.1% (70.1) // 54.7% (69.2)",
        "oppFenwickAgainst": "53.1% (46.7) // 54.4% (48.3) // 56.0% (48.0) // 59.0% (51.9)",
        "oppShotsAgainst": "52.4% (32.1) // 56.9% (35.2) // 59.0% (36.0) // 63.4% (38.6)",
        "oppScoringAgainst": "53.3% (31.2) // 52.5% (30.5) // 56.5% (33.9) // 55.6% (34.1)",
        "totalOver": 19,
        "totalOverLast5": 20,
        "totalOverLast15": 20,
        "lastTotalOver": 21,
        "last5": "0,0,1,0,0,0,1,0,1,0",
        "fd": "0",
        "dk": "+220/-298",
        "kambi": "0",
        "lowest": "220 DK",
        "implied": 31.25,
        "overOdds": "+220",
        "underOdds": "-298",
        "overUnder": "+220 / -298"
    },
    {
        "player": "Logan Cooley",
        "team": "ARI",
        "opponent": "DET",
        "propType": "ast",
        "line": 0.5,
        "ppLine": "",
        "avg": 0.3,
        "hit": false,
        "diffAvg": -0.4,
        "diffAbs": 1.0,
        "lastAvg": 0,
        "diff": 0,
        "avgMin": 15,
        "proj": 0.0,
        "lastAvgMin": 0,
        "oppOver": 0,
        "teamOver": 0,
        "gameLine": "+124",
        "+/-": -15,
        "L5_+/-": -4.0,
        "prevMatchup": "",
        "winLossSplits": "44% - 13%",
        "awayHome": "H",
        "playedYesterday": "Y",
        "awayHomeSplits": "25% - 26%",
        "savesAboveExp": "-",
        "gsaa": 7.67,
        "corsi": "47.5% (54.9) // 50.6% (58.6) // 47.5% (57.2) // 49.9% (61.6)",
        "fenwick": "47.1% (39.9) // 49.6% (42.4) // 46.1% (41.2) // 48.5% (43.4)",
        "shots": "46.5% (27.0) // 48.9% (28.4) // 44.4% (26.8) // 46.5% (28.4)",
        "scoring": "47.6% (27.8) // 52.0% (29.5) // 46.3% (27.4) // 49.7% (30.3)",
        "corsiAgainst": "52.5% (60.8) // 49.4% (57.3) // 52.5% (63.1) // 50.1% (61.9)",
        "fenwickAgainst": "52.9% (44.8) // 50.4% (43.0) // 53.9% (48.1) // 51.5% (46.0)",
        "shotsAgainst": "53.5% (31.0) // 51.1% (29.7) // 55.6% (33.5) // 53.5% (32.6)",
        "scoringAgainst": "52.4% (30.5) // 48.0% (27.2) // 53.7% (31.8) // 50.3% (30.6)",
        "oppCorsi": "47.0% (56.4) // 47.0% (57.4) // 43.9% (54.8) // 45.3% (57.4)",
        "oppFenwick": "46.9% (41.3) // 45.6% (40.5) // 44.0% (37.8) // 41.0% (36.1)",
        "oppShots": "47.6% (29.2) // 43.1% (26.7) // 41.0% (25.1) // 36.6% (22.3)",
        "oppScoring": "46.7% (27.3) // 47.5% (27.6) // 43.5% (26.1) // 44.4% (27.2)",
        "oppCorsiAgainst": "53.0% (63.7) // 53.0% (64.7) // 56.1% (70.1) // 54.7% (69.2)",
        "oppFenwickAgainst": "53.1% (46.7) // 54.4% (48.3) // 56.0% (48.0) // 59.0% (51.9)",
        "oppShotsAgainst": "52.4% (32.1) // 56.9% (35.2) // 59.0% (36.0) // 63.4% (38.6)",
        "oppScoringAgainst": "53.3% (31.2) // 52.5% (30.5) // 56.5% (33.9) // 55.6% (34.1)",
        "totalOver": 25,
        "totalOverLast5": 0,
        "totalOverLast15": 0,
        "lastTotalOver": 0,
        "last5": "0,0,0,0,0,0,0,0,0,0",
        "fd": "0",
        "dk": "+220/-298",
        "kambi": "0",
        "lowest": "220 DK",
        "implied": 31.25,
        "overOdds": "+220",
        "underOdds": "-298",
        "overUnder": "+220 / -298"
    },
    {
        "player": "Lucas Raymond",
        "team": "DET",
        "opponent": "ARI",
        "propType": "ast",
        "line": 0.5,
        "ppLine": "",
        "avg": 0.55,
        "hit": false,
        "diffAvg": 0.1,
        "diffAbs": 0.2,
        "lastAvg": 0.38,
        "diff": -0.24,
        "avgMin": 17,
        "proj": 0.4,
        "lastAvgMin": 17.37,
        "oppOver": 0,
        "teamOver": 0,
        "gameLine": "-148",
        "+/-": -13,
        "L5_+/-": "+2.0",
        "prevMatchup": "",
        "winLossSplits": "58% - 14%",
        "awayHome": "A",
        "playedYesterday": "N",
        "awayHomeSplits": "34% - 39%",
        "savesAboveExp": -0.65,
        "gsaa": 8.2,
        "corsi": "47.0% (56.4) // 47.0% (57.4) // 43.9% (54.8) // 45.3% (57.4)",
        "fenwick": "46.9% (41.3) // 45.6% (40.5) // 44.0% (37.8) // 41.0% (36.1)",
        "shots": "47.6% (29.2) // 43.1% (26.7) // 41.0% (25.1) // 36.6% (22.3)",
        "scoring": "46.7% (27.3) // 47.5% (27.6) // 43.5% (26.1) // 44.4% (27.2)",
        "corsiAgainst": "53.0% (63.7) // 53.0% (64.7) // 56.1% (70.1) // 54.7% (69.2)",
        "fenwickAgainst": "53.1% (46.7) // 54.4% (48.3) // 56.0% (48.0) // 59.0% (51.9)",
        "shotsAgainst": "52.4% (32.1) // 56.9% (35.2) // 59.0% (36.0) // 63.4% (38.6)",
        "scoringAgainst": "53.3% (31.2) // 52.5% (30.5) // 56.5% (33.9) // 55.6% (34.1)",
        "oppCorsi": "47.5% (54.9) // 50.6% (58.6) // 47.5% (57.2) // 49.9% (61.6)",
        "oppFenwick": "47.1% (39.9) // 49.6% (42.4) // 46.1% (41.2) // 48.5% (43.4)",
        "oppShots": "46.5% (27.0) // 48.9% (28.4) // 44.4% (26.8) // 46.5% (28.4)",
        "oppScoring": "47.6% (27.8) // 52.0% (29.5) // 46.3% (27.4) // 49.7% (30.3)",
        "oppCorsiAgainst": "52.5% (60.8) // 49.4% (57.3) // 52.5% (63.1) // 50.1% (61.9)",
        "oppFenwickAgainst": "52.9% (44.8) // 50.4% (43.0) // 53.9% (48.1) // 51.5% (46.0)",
        "oppShotsAgainst": "53.5% (31.0) // 51.1% (29.7) // 55.6% (33.5) // 53.5% (32.6)",
        "oppScoringAgainst": "52.4% (30.5) // 48.0% (27.2) // 53.7% (31.8) // 50.3% (30.6)",
        "totalOver": 37,
        "totalOverLast5": 20,
        "totalOverLast15": 33,
        "lastTotalOver": 25,
        "last5": "0,0,0,2,0,2,0,1,1,0",
        "fd": "0",
        "dk": "+175/-230",
        "kambi": "0",
        "lowest": "175 DK",
        "implied": 36.36363636363637,
        "overOdds": "+175",
        "underOdds": "-230",
        "overUnder": "+175 / -230"
    },
    {
        "player": "Matias Maccelli",
        "team": "ARI",
        "opponent": "DET",
        "propType": "ast",
        "line": 0.5,
        "ppLine": "",
        "avg": 0.52,
        "hit": false,
        "diffAvg": 0.04,
        "diffAbs": 0.2,
        "lastAvg": 0.59,
        "diff": 0.18,
        "avgMin": 16,
        "proj": 0.6,
        "lastAvgMin": 15.67,
        "oppOver": 0,
        "teamOver": 0,
        "gameLine": "+124",
        "+/-": -8,
        "L5_+/-": -1.0,
        "prevMatchup": "",
        "winLossSplits": "52% - 39%",
        "awayHome": "H",
        "playedYesterday": "Y",
        "awayHomeSplits": "47% - 42%",
        "savesAboveExp": "-",
        "gsaa": 7.67,
        "corsi": "47.5% (54.9) // 50.6% (58.6) // 47.5% (57.2) // 49.9% (61.6)",
        "fenwick": "47.1% (39.9) // 49.6% (42.4) // 46.1% (41.2) // 48.5% (43.4)",
        "shots": "46.5% (27.0) // 48.9% (28.4) // 44.4% (26.8) // 46.5% (28.4)",
        "scoring": "47.6% (27.8) // 52.0% (29.5) // 46.3% (27.4) // 49.7% (30.3)",
        "corsiAgainst": "52.5% (60.8) // 49.4% (57.3) // 52.5% (63.1) // 50.1% (61.9)",
        "fenwickAgainst": "52.9% (44.8) // 50.4% (43.0) // 53.9% (48.1) // 51.5% (46.0)",
        "shotsAgainst": "53.5% (31.0) // 51.1% (29.7) // 55.6% (33.5) // 53.5% (32.6)",
        "scoringAgainst": "52.4% (30.5) // 48.0% (27.2) // 53.7% (31.8) // 50.3% (30.6)",
        "oppCorsi": "47.0% (56.4) // 47.0% (57.4) // 43.9% (54.8) // 45.3% (57.4)",
        "oppFenwick": "46.9% (41.3) // 45.6% (40.5) // 44.0% (37.8) // 41.0% (36.1)",
        "oppShots": "47.6% (29.2) // 43.1% (26.7) // 41.0% (25.1) // 36.6% (22.3)",
        "oppScoring": "46.7% (27.3) // 47.5% (27.6) // 43.5% (26.1) // 44.4% (27.2)",
        "oppCorsiAgainst": "53.0% (63.7) // 53.0% (64.7) // 56.1% (70.1) // 54.7% (69.2)",
        "oppFenwickAgainst": "53.1% (46.7) // 54.4% (48.3) // 56.0% (48.0) // 59.0% (51.9)",
        "oppShotsAgainst": "52.4% (32.1) // 56.9% (35.2) // 59.0% (36.0) // 63.4% (38.6)",
        "oppScoringAgainst": "53.3% (31.2) // 52.5% (30.5) // 56.5% (33.9) // 55.6% (34.1)",
        "totalOver": 44,
        "totalOverLast5": 60,
        "totalOverLast15": 33,
        "lastTotalOver": 49,
        "last5": "0,0,1,2,1,1,0,0,0,2",
        "fd": "0",
        "dk": "+110/-140",
        "kambi": "0",
        "lowest": "110 DK",
        "implied": 47.61904761904761,
        "overOdds": "+110",
        "underOdds": "-140",
        "overUnder": "+110 / -140"
    },
    {
        "player": "Moritz Seider",
        "team": "DET",
        "opponent": "ARI",
        "propType": "ast",
        "line": 0.5,
        "ppLine": "",
        "avg": 0.4,
        "hit": false,
        "diffAvg": -0.2,
        "diffAbs": 0.2,
        "lastAvg": 0.45,
        "diff": -0.1,
        "avgMin": 22,
        "proj": 0.4,
        "lastAvgMin": 23.13,
        "oppOver": 0,
        "teamOver": 0,
        "gameLine": "-148",
        "+/-": -4,
        "L5_+/-": -2.0,
        "prevMatchup": "",
        "winLossSplits": "39% - 17%",
        "awayHome": "A",
        "playedYesterday": "N",
        "awayHomeSplits": "31% - 27%",
        "savesAboveExp": -0.65,
        "gsaa": 8.2,
        "corsi": "47.0% (56.4) // 47.0% (57.4) // 43.9% (54.8) // 45.3% (57.4)",
        "fenwick": "46.9% (41.3) // 45.6% (40.5) // 44.0% (37.8) // 41.0% (36.1)",
        "shots": "47.6% (29.2) // 43.1% (26.7) // 41.0% (25.1) // 36.6% (22.3)",
        "scoring": "46.7% (27.3) // 47.5% (27.6) // 43.5% (26.1) // 44.4% (27.2)",
        "corsiAgainst": "53.0% (63.7) // 53.0% (64.7) // 56.1% (70.1) // 54.7% (69.2)",
        "fenwickAgainst": "53.1% (46.7) // 54.4% (48.3) // 56.0% (48.0) // 59.0% (51.9)",
        "shotsAgainst": "52.4% (32.1) // 56.9% (35.2) // 59.0% (36.0) // 63.4% (38.6)",
        "scoringAgainst": "53.3% (31.2) // 52.5% (30.5) // 56.5% (33.9) // 55.6% (34.1)",
        "oppCorsi": "47.5% (54.9) // 50.6% (58.6) // 47.5% (57.2) // 49.9% (61.6)",
        "oppFenwick": "47.1% (39.9) // 49.6% (42.4) // 46.1% (41.2) // 48.5% (43.4)",
        "oppShots": "46.5% (27.0) // 48.9% (28.4) // 44.4% (26.8) // 46.5% (28.4)",
        "oppScoring": "47.6% (27.8) // 52.0% (29.5) // 46.3% (27.4) // 49.7% (30.3)",
        "oppCorsiAgainst": "52.5% (60.8) // 49.4% (57.3) // 52.5% (63.1) // 50.1% (61.9)",
        "oppFenwickAgainst": "52.9% (44.8) // 50.4% (43.0) // 53.9% (48.1) // 51.5% (46.0)",
        "oppShotsAgainst": "53.5% (31.0) // 51.1% (29.7) // 55.6% (33.5) // 53.5% (32.6)",
        "oppScoringAgainst": "52.4% (30.5) // 48.0% (27.2) // 53.7% (31.8) // 50.3% (30.6)",
        "totalOver": 29,
        "totalOverLast5": 20,
        "totalOverLast15": 33,
        "lastTotalOver": 31,
        "last5": "0,0,0,1,0,1,0,0,2,0",
        "fd": "0",
        "dk": "+190/-250",
        "kambi": "0",
        "lowest": "190 DK",
        "implied": 34.48275862068966,
        "overOdds": "+190",
        "underOdds": "-250",
        "overUnder": "+190 / -250"
    },
    {
        "player": "Nick Schmaltz",
        "team": "ARI",
        "opponent": "DET",
        "propType": "ast",
        "line": 0.5,
        "ppLine": "",
        "avg": 0.37,
        "hit": false,
        "diffAvg": -0.26,
        "diffAbs": 0.2,
        "lastAvg": 0.57,
        "diff": 0.14,
        "avgMin": 19,
        "proj": 0.6,
        "lastAvgMin": 19.7,
        "oppOver": 0,
        "teamOver": 0,
        "gameLine": "+124",
        "+/-": -22,
        "L5_+/-": -8.0,
        "prevMatchup": "",
        "winLossSplits": "43% - 30%",
        "awayHome": "H",
        "playedYesterday": "Y",
        "awayHomeSplits": "48% - 21%",
        "savesAboveExp": "-",
        "gsaa": 7.67,
        "corsi": "47.5% (54.9) // 50.6% (58.6) // 47.5% (57.2) // 49.9% (61.6)",
        "fenwick": "47.1% (39.9) // 49.6% (42.4) // 46.1% (41.2) // 48.5% (43.4)",
        "shots": "46.5% (27.0) // 48.9% (28.4) // 44.4% (26.8) // 46.5% (28.4)",
        "scoring": "47.6% (27.8) // 52.0% (29.5) // 46.3% (27.4) // 49.7% (30.3)",
        "corsiAgainst": "52.5% (60.8) // 49.4% (57.3) // 52.5% (63.1) // 50.1% (61.9)",
        "fenwickAgainst": "52.9% (44.8) // 50.4% (43.0) // 53.9% (48.1) // 51.5% (46.0)",
        "shotsAgainst": "53.5% (31.0) // 51.1% (29.7) // 55.6% (33.5) // 53.5% (32.6)",
        "scoringAgainst": "52.4% (30.5) // 48.0% (27.2) // 53.7% (31.8) // 50.3% (30.6)",
        "oppCorsi": "47.0% (56.4) // 47.0% (57.4) // 43.9% (54.8) // 45.3% (57.4)",
        "oppFenwick": "46.9% (41.3) // 45.6% (40.5) // 44.0% (37.8) // 41.0% (36.1)",
        "oppShots": "47.6% (29.2) // 43.1% (26.7) // 41.0% (25.1) // 36.6% (22.3)",
        "oppScoring": "46.7% (27.3) // 47.5% (27.6) // 43.5% (26.1) // 44.4% (27.2)",
        "oppCorsiAgainst": "53.0% (63.7) // 53.0% (64.7) // 56.1% (70.1) // 54.7% (69.2)",
        "oppFenwickAgainst": "53.1% (46.7) // 54.4% (48.3) // 56.0% (48.0) // 59.0% (51.9)",
        "oppShotsAgainst": "52.4% (32.1) // 56.9% (35.2) // 59.0% (36.0) // 63.4% (38.6)",
        "oppScoringAgainst": "53.3% (31.2) // 52.5% (30.5) // 56.5% (33.9) // 55.6% (34.1)",
        "totalOver": 35,
        "totalOverLast5": 60,
        "totalOverLast15": 33,
        "lastTotalOver": 44,
        "last5": "1,0,1,1,0,1,0,0,1,0",
        "fd": "0",
        "dk": "+105/-135",
        "kambi": "0",
        "lowest": "105 DK",
        "implied": 48.78048780487805,
        "overOdds": "+105",
        "underOdds": "-135",
        "overUnder": "+105 / -135"
    },
    {
        "player": "Patrick Kane",
        "team": "DET",
        "opponent": "ARI",
        "propType": "ast",
        "line": 0.5,
        "ppLine": "",
        "avg": 0.58,
        "hit": false,
        "diffAvg": 0.16,
        "diffAbs": 1.0,
        "lastAvg": 0,
        "diff": 0,
        "avgMin": 17,
        "proj": 0.0,
        "lastAvgMin": 0,
        "oppOver": 0,
        "teamOver": 0,
        "gameLine": "-148",
        "+/-": -2,
        "L5_+/-": "+2.0",
        "prevMatchup": "",
        "winLossSplits": "73% - 25%",
        "awayHome": "A",
        "playedYesterday": "N",
        "awayHomeSplits": "50% - 47%",
        "savesAboveExp": -0.65,
        "gsaa": 8.2,
        "corsi": "47.0% (56.4) // 47.0% (57.4) // 43.9% (54.8) // 45.3% (57.4)",
        "fenwick": "46.9% (41.3) // 45.6% (40.5) // 44.0% (37.8) // 41.0% (36.1)",
        "shots": "47.6% (29.2) // 43.1% (26.7) // 41.0% (25.1) // 36.6% (22.3)",
        "scoring": "46.7% (27.3) // 47.5% (27.6) // 43.5% (26.1) // 44.4% (27.2)",
        "corsiAgainst": "53.0% (63.7) // 53.0% (64.7) // 56.1% (70.1) // 54.7% (69.2)",
        "fenwickAgainst": "53.1% (46.7) // 54.4% (48.3) // 56.0% (48.0) // 59.0% (51.9)",
        "shotsAgainst": "52.4% (32.1) // 56.9% (35.2) // 59.0% (36.0) // 63.4% (38.6)",
        "scoringAgainst": "53.3% (31.2) // 52.5% (30.5) // 56.5% (33.9) // 55.6% (34.1)",
        "oppCorsi": "47.5% (54.9) // 50.6% (58.6) // 47.5% (57.2) // 49.9% (61.6)",
        "oppFenwick": "47.1% (39.9) // 49.6% (42.4) // 46.1% (41.2) // 48.5% (43.4)",
        "oppShots": "46.5% (27.0) // 48.9% (28.4) // 44.4% (26.8) // 46.5% (28.4)",
        "oppScoring": "47.6% (27.8) // 52.0% (29.5) // 46.3% (27.4) // 49.7% (30.3)",
        "oppCorsiAgainst": "52.5% (60.8) // 49.4% (57.3) // 52.5% (63.1) // 50.1% (61.9)",
        "oppFenwickAgainst": "52.9% (44.8) // 50.4% (43.0) // 53.9% (48.1) // 51.5% (46.0)",
        "oppShotsAgainst": "53.5% (31.0) // 51.1% (29.7) // 55.6% (33.5) // 53.5% (32.6)",
        "oppScoringAgainst": "52.4% (30.5) // 48.0% (27.2) // 53.7% (31.8) // 50.3% (30.6)",
        "totalOver": 48,
        "totalOverLast5": 40,
        "totalOverLast15": 60,
        "lastTotalOver": 0,
        "last5": "0,0,0,2,1,1,0,1,1,1",
        "fd": "0",
        "dk": "+100/-130",
        "kambi": "0",
        "lowest": "100 DK",
        "implied": 50.0,
        "overOdds": "+100",
        "underOdds": "-130",
        "overUnder": "+100 / -130"
    },
    {
        "player": "Sean Durzi",
        "team": "ARI",
        "opponent": "DET",
        "propType": "ast",
        "line": 0.5,
        "ppLine": "",
        "avg": 0.42,
        "hit": false,
        "diffAvg": -0.16,
        "diffAbs": 0.2,
        "lastAvg": 0.37,
        "diff": -0.26,
        "avgMin": 22,
        "proj": 0.4,
        "lastAvgMin": 19.78,
        "oppOver": 0,
        "teamOver": 0,
        "gameLine": "+124",
        "+/-": -3,
        "L5_+/-": -5.0,
        "prevMatchup": "",
        "winLossSplits": "59% - 17%",
        "awayHome": "H",
        "playedYesterday": "Y",
        "awayHomeSplits": "33% - 33%",
        "savesAboveExp": "-",
        "gsaa": 7.67,
        "corsi": "47.5% (54.9) // 50.6% (58.6) // 47.5% (57.2) // 49.9% (61.6)",
        "fenwick": "47.1% (39.9) // 49.6% (42.4) // 46.1% (41.2) // 48.5% (43.4)",
        "shots": "46.5% (27.0) // 48.9% (28.4) // 44.4% (26.8) // 46.5% (28.4)",
        "scoring": "47.6% (27.8) // 52.0% (29.5) // 46.3% (27.4) // 49.7% (30.3)",
        "corsiAgainst": "52.5% (60.8) // 49.4% (57.3) // 52.5% (63.1) // 50.1% (61.9)",
        "fenwickAgainst": "52.9% (44.8) // 50.4% (43.0) // 53.9% (48.1) // 51.5% (46.0)",
        "shotsAgainst": "53.5% (31.0) // 51.1% (29.7) // 55.6% (33.5) // 53.5% (32.6)",
        "scoringAgainst": "52.4% (30.5) // 48.0% (27.2) // 53.7% (31.8) // 50.3% (30.6)",
        "oppCorsi": "47.0% (56.4) // 47.0% (57.4) // 43.9% (54.8) // 45.3% (57.4)",
        "oppFenwick": "46.9% (41.3) // 45.6% (40.5) // 44.0% (37.8) // 41.0% (36.1)",
        "oppShots": "47.6% (29.2) // 43.1% (26.7) // 41.0% (25.1) // 36.6% (22.3)",
        "oppScoring": "46.7% (27.3) // 47.5% (27.6) // 43.5% (26.1) // 44.4% (27.2)",
        "oppCorsiAgainst": "53.0% (63.7) // 53.0% (64.7) // 56.1% (70.1) // 54.7% (69.2)",
        "oppFenwickAgainst": "53.1% (46.7) // 54.4% (48.3) // 56.0% (48.0) // 59.0% (51.9)",
        "oppShotsAgainst": "52.4% (32.1) // 56.9% (35.2) // 59.0% (36.0) // 63.4% (38.6)",
        "oppScoringAgainst": "53.3% (31.2) // 52.5% (30.5) // 56.5% (33.9) // 55.6% (34.1)",
        "totalOver": 33,
        "totalOverLast5": 40,
        "totalOverLast15": 27,
        "lastTotalOver": 33,
        "last5": "0,0,1,1,0,0,0,1,1,0",
        "fd": "0",
        "dk": "+130/-166",
        "kambi": "0",
        "lowest": "130 DK",
        "implied": 43.47826086956522,
        "overOdds": "+130",
        "underOdds": "-166",
        "overUnder": "+130 / -166"
    },
    {
        "player": "Shayne Gostisbehere",
        "team": "DET",
        "opponent": "ARI",
        "propType": "ast",
        "line": 0.5,
        "ppLine": "",
        "avg": 0.51,
        "hit": false,
        "diffAvg": 0.02,
        "diffAbs": 0.4,
        "lastAvg": 0.31,
        "diff": -0.38,
        "avgMin": 19,
        "proj": 0.3,
        "lastAvgMin": 20.82,
        "oppOver": 0,
        "teamOver": 0,
        "gameLine": "-148",
        "+/-": -15,
        "L5_+/-": "+6.0",
        "prevMatchup": "",
        "winLossSplits": "42% - 36%",
        "awayHome": "A",
        "playedYesterday": "N",
        "awayHomeSplits": "48% - 31%",
        "savesAboveExp": -0.65,
        "gsaa": 8.2,
        "corsi": "47.0% (56.4) // 47.0% (57.4) // 43.9% (54.8) // 45.3% (57.4)",
        "fenwick": "46.9% (41.3) // 45.6% (40.5) // 44.0% (37.8) // 41.0% (36.1)",
        "shots": "47.6% (29.2) // 43.1% (26.7) // 41.0% (25.1) // 36.6% (22.3)",
        "scoring": "46.7% (27.3) // 47.5% (27.6) // 43.5% (26.1) // 44.4% (27.2)",
        "corsiAgainst": "53.0% (63.7) // 53.0% (64.7) // 56.1% (70.1) // 54.7% (69.2)",
        "fenwickAgainst": "53.1% (46.7) // 54.4% (48.3) // 56.0% (48.0) // 59.0% (51.9)",
        "shotsAgainst": "52.4% (32.1) // 56.9% (35.2) // 59.0% (36.0) // 63.4% (38.6)",
        "scoringAgainst": "53.3% (31.2) // 52.5% (30.5) // 56.5% (33.9) // 55.6% (34.1)",
        "oppCorsi": "47.5% (54.9) // 50.6% (58.6) // 47.5% (57.2) // 49.9% (61.6)",
        "oppFenwick": "47.1% (39.9) // 49.6% (42.4) // 46.1% (41.2) // 48.5% (43.4)",
        "oppShots": "46.5% (27.0) // 48.9% (28.4) // 44.4% (26.8) // 46.5% (28.4)",
        "oppScoring": "47.6% (27.8) // 52.0% (29.5) // 46.3% (27.4) // 49.7% (30.3)",
        "oppCorsiAgainst": "52.5% (60.8) // 49.4% (57.3) // 52.5% (63.1) // 50.1% (61.9)",
        "oppFenwickAgainst": "52.9% (44.8) // 50.4% (43.0) // 53.9% (48.1) // 51.5% (46.0)",
        "oppShotsAgainst": "53.5% (31.0) // 51.1% (29.7) // 55.6% (33.5) // 53.5% (32.6)",
        "oppScoringAgainst": "52.4% (30.5) // 48.0% (27.2) // 53.7% (31.8) // 50.3% (30.6)",
        "totalOver": 39,
        "totalOverLast5": 60,
        "totalOverLast15": 40,
        "lastTotalOver": 28,
        "last5": "1,0,1,0,1,1,1,0,1,0",
        "fd": "0",
        "dk": "+154/-200",
        "kambi": "0",
        "lowest": "154 DK",
        "implied": 39.37007874015748,
        "overOdds": "+154",
        "underOdds": "-200",
        "overUnder": "+154 / -200"
    },
    {
        "player": "Artturi Lehkonen",
        "team": "COL",
        "opponent": "MIN",
        "propType": "ast",
        "line": 0.5,
        "ppLine": "",
        "avg": 0.38,
        "hit": false,
        "diffAvg": -0.24,
        "diffAbs": 0.2,
        "lastAvg": 0.42,
        "diff": -0.16,
        "avgMin": 18,
        "proj": 0.4,
        "lastAvgMin": 20.45,
        "oppOver": 0,
        "teamOver": 0,
        "gameLine": "-238",
        "+/-": "+6",
        "L5_+/-": "+9.0",
        "prevMatchup": "",
        "winLossSplits": "29% - 25%",
        "awayHome": "H",
        "playedYesterday": "N",
        "awayHomeSplits": "19% - 38%",
        "savesAboveExp": 0.594,
        "gsaa": -0.21,
        "corsi": "53.2% (63.4) // 52.8% (60.2) // 54.9% (65.8) // 52.8% (59.0)",
        "fenwick": "52.9% (45.4) // 52.6% (42.8) // 55.1% (45.0) // 53.1% (41.2)",
        "shots": "52.8% (31.7) // 53.8% (30.8) // 55.9% (33.0) // 54.8% (31.5)",
        "scoring": "53.6% (30.5) // 54.1% (28.3) // 55.7% (29.5) // 52.9% (26.6)",
        "corsiAgainst": "46.8% (55.7) // 47.2% (53.9) // 45.1% (53.9) // 47.2% (52.9)",
        "fenwickAgainst": "47.1% (40.4) // 47.4% (38.5) // 44.9% (36.7) // 46.9% (36.3)",
        "shotsAgainst": "47.2% (28.3) // 46.2% (26.5) // 44.1% (26.0) // 45.2% (25.9)",
        "scoringAgainst": "46.4% (26.4) // 45.9% (24.0) // 44.3% (23.5) // 47.1% (23.7)",
        "oppCorsi": "50.6% (60.5) // 50.4% (58.2) // 49.1% (56.8) // 49.6% (57.0)",
        "oppFenwick": "50.2% (42.6) // 49.1% (39.8) // 46.8% (37.0) // 48.7% (37.4)",
        "oppShots": "49.8% (29.3) // 50.7% (28.4) // 48.2% (26.7) // 50.3% (27.2)",
        "oppScoring": "50.7% (29.1) // 49.2% (26.1) // 43.7% (23.2) // 45.9% (23.6)",
        "oppCorsiAgainst": "49.4% (59.1) // 49.6% (57.2) // 50.9% (59.0) // 50.4% (58.0)",
        "oppFenwickAgainst": "49.8% (42.3) // 50.9% (41.2) // 53.2% (42.2) // 51.3% (39.3)",
        "oppShotsAgainst": "50.2% (29.6) // 49.3% (27.6) // 51.8% (28.7) // 49.7% (26.9)",
        "oppScoringAgainst": "49.3% (28.4) // 50.8% (26.9) // 56.3% (29.9) // 54.1% (27.9)",
        "totalOver": 28,
        "totalOverLast5": 40,
        "totalOverLast15": 33,
        "lastTotalOver": 39,
        "last5": "0,1,0,0,1,0,0,0,0,1",
        "fd": "0",
        "dk": "+140/-180",
        "kambi": "0",
        "lowest": "140 DK",
        "implied": 41.66666666666667,
        "overOdds": "+140",
        "underOdds": "-180",
        "overUnder": "+140 / -180"
    },
    {
        "player": "Brock Faber",
        "team": "MIN",
        "opponent": "COL",
        "propType": "ast",
        "line": 0.5,
        "ppLine": "PP1",
        "avg": 0.49,
        "hit": false,
        "diffAvg": -0.02,
        "diffAbs": 1.0,
        "lastAvg": 0,
        "diff": 0,
        "avgMin": 25,
        "proj": 0.0,
        "lastAvgMin": 0,
        "oppOver": 0,
        "teamOver": 0,
        "gameLine": "+195",
        "+/-": "+3",
        "L5_+/-": -2.0,
        "prevMatchup": "2023-11-24 0.0 ast",
        "winLossSplits": "47% - 30%",
        "awayHome": "A",
        "playedYesterday": "Y",
        "awayHomeSplits": "53% - 23%",
        "savesAboveExp": 0.16,
        "gsaa": -5.89,
        "corsi": "50.6% (60.5) // 50.4% (58.2) // 49.1% (56.8) // 49.6% (57.0)",
        "fenwick": "50.2% (42.6) // 49.1% (39.8) // 46.8% (37.0) // 48.7% (37.4)",
        "shots": "49.8% (29.3) // 50.7% (28.4) // 48.2% (26.7) // 50.3% (27.2)",
        "scoring": "50.7% (29.1) // 49.2% (26.1) // 43.7% (23.2) // 45.9% (23.6)",
        "corsiAgainst": "49.4% (59.1) // 49.6% (57.2) // 50.9% (59.0) // 50.4% (58.0)",
        "fenwickAgainst": "49.8% (42.3) // 50.9% (41.2) // 53.2% (42.2) // 51.3% (39.3)",
        "shotsAgainst": "50.2% (29.6) // 49.3% (27.6) // 51.8% (28.7) // 49.7% (26.9)",
        "scoringAgainst": "49.3% (28.4) // 50.8% (26.9) // 56.3% (29.9) // 54.1% (27.9)",
        "oppCorsi": "53.2% (63.4) // 52.8% (60.2) // 54.9% (65.8) // 52.8% (59.0)",
        "oppFenwick": "52.9% (45.4) // 52.6% (42.8) // 55.1% (45.0) // 53.1% (41.2)",
        "oppShots": "52.8% (31.7) // 53.8% (30.8) // 55.9% (33.0) // 54.8% (31.5)",
        "oppScoring": "53.6% (30.5) // 54.1% (28.3) // 55.7% (29.5) // 52.9% (26.6)",
        "oppCorsiAgainst": "46.8% (55.7) // 47.2% (53.9) // 45.1% (53.9) // 47.2% (52.9)",
        "oppFenwickAgainst": "47.1% (40.4) // 47.4% (38.5) // 44.9% (36.7) // 46.9% (36.3)",
        "oppShotsAgainst": "47.2% (28.3) // 46.2% (26.5) // 44.1% (26.0) // 45.2% (25.9)",
        "oppScoringAgainst": "46.4% (26.4) // 45.9% (24.0) // 44.3% (23.5) // 47.1% (23.7)",
        "totalOver": 38,
        "totalOverLast5": 20,
        "totalOverLast15": 33,
        "lastTotalOver": 0,
        "last5": "1,0,0,0,0,1,0,0,0,0",
        "fd": "0",
        "dk": "+154/-200",
        "kambi": "0",
        "lowest": "154 DK",
        "implied": 39.37007874015748,
        "overOdds": "+154",
        "underOdds": "-200",
        "overUnder": "+154 / -200"
    },
    {
        "player": "Cale Makar",
        "team": "COL",
        "opponent": "MIN",
        "propType": "ast",
        "line": 0.5,
        "ppLine": "",
        "avg": 0.9,
        "hit": false,
        "diffAvg": 0.8,
        "diffAbs": 0.4,
        "lastAvg": 0.72,
        "diff": 0.44,
