[
    {
        "player": "Connor Ingram",
        "team": "ARI",
        "opponent": "DET",
        "propType": "saves",
        "line": 27.5,
        "ppLine": "",
        "avg": 25.92,
        "hit": false,
        "diffAvg": -0.06,
        "diffAbs": 0.1,
        "lastAvg": 32.26,
        "diff": 0.17,
        "avgMin": 55,
        "proj": 30.2,
        "lastAvgMin": 58.75,
        "oppOver": 0,
        "teamOver": 57,
        "gameLine": "+124",
        "+/-": 0,
        "L5_+/-": 0,
        "prevMatchup": "",
        "winLossSplits": "72% - 29%",
        "awayHome": "H",
        "playedYesterday": "Y",
        "awayHomeSplits": "53% - 45%",
        "savesAboveExp": -0.65,
        "gsaa": 8.2,
        "corsi": "47.5% (54.9) // 50.6% (58.6) // 47.5% (57.2) // 49.9% (61.6)",
        "fenwick": "47.1% (39.9) // 49.6% (42.4) // 46.1% (41.2) // 48.5% (43.4)",
        "shots": "46.5% (27.0) // 48.9% (28.4) // 44.4% (26.8) // 46.5% (28.4)",
        "scoring": "47.6% (27.8) // 52.0% (29.5) // 46.3% (27.4) // 49.7% (30.3)",
        "corsiAgainst": "52.5% (60.8) // 49.4% (57.3) // 52.5% (63.1) // 50.1% (61.9)",
        "fenwickAgainst": "52.9% (44.8) // 50.4% (43.0) // 53.9% (48.1) // 51.5% (46.0)",
        "shotsAgainst": "53.5% (31.0) // 51.1% (29.7) // 55.6% (33.5) // 53.5% (32.6)",
        "scoringAgainst": "52.4% (30.5) // 48.0% (27.2) // 53.7% (31.8) // 50.3% (30.6)",
        "oppCorsi": "47.0% (56.4) // 47.0% (57.4) // 43.9% (54.8) // 45.3% (57.4)",
        "oppFenwick": "46.9% (41.3) // 45.6% (40.5) // 44.0% (37.8) // 41.0% (36.1)",
        "oppShots": "47.6% (29.2) // 43.1% (26.7) // 41.0% (25.1) // 36.6% (22.3)",
        "oppScoring": "46.7% (27.3) // 47.5% (27.6) // 43.5% (26.1) // 44.4% (27.2)",
        "oppCorsiAgainst": "53.0% (63.7) // 53.0% (64.7) // 56.1% (70.1) // 54.7% (69.2)",
        "oppFenwickAgainst": "53.1% (46.7) // 54.4% (48.3) // 56.0% (48.0) // 59.0% (51.9)",
        "oppShotsAgainst": "52.4% (32.1) // 56.9% (35.2) // 59.0% (36.0) // 63.4% (38.6)",
        "oppScoringAgainst": "53.3% (31.2) // 52.5% (30.5) // 56.5% (33.9) // 55.6% (34.1)",
        "totalOver": 49,
        "totalOverLast5": 40,
        "totalOverLast15": 47,
        "lastTotalOver": 58,
        "last5": "27,22,17,28,28,32,3,36,31,25",
        "fd": "-108/-122",
        "dk": "-110/-120",
        "kambi": "0",
        "lowest": "-108 FD",
        "implied": 51.92307692307693,
        "overOdds": "-110",
        "underOdds": "-120",
        "overUnder": "-110 / -120"
    },
    {
        "player": "Alexandar Georgiev",
        "team": "COL",
        "opponent": "MIN",
        "propType": "saves",
        "line": 26.5,
        "ppLine": "",
        "avg": 25.47,
        "hit": false,
        "diffAvg": -0.04,
        "diffAbs": 0.07,
        "lastAvg": 25.35,
        "diff": -0.04,
        "avgMin": 58,
        "proj": 24.6,
        "lastAvgMin": 59.67,
        "oppOver": 0,
        "teamOver": 48,
        "gameLine": "-238",
        "+/-": 0,
        "L5_+/-": 0,
        "prevMatchup": "2023-11-24 col @ min 19.0 sv",
        "winLossSplits": "39% - 39%",
        "awayHome": "H",
        "playedYesterday": "N",
        "awayHomeSplits": "50% - 28%",
        "savesAboveExp": 0.16,
        "gsaa": -5.89,
        "corsi": "53.2% (63.4) // 52.8% (60.2) // 54.9% (65.8) // 52.8% (59.0)",
        "fenwick": "52.9% (45.4) // 52.6% (42.8) // 55.1% (45.0) // 53.1% (41.2)",
        "shots": "52.8% (31.7) // 53.8% (30.8) // 55.9% (33.0) // 54.8% (31.5)",
        "scoring": "53.6% (30.5) // 54.1% (28.3) // 55.7% (29.5) // 52.9% (26.6)",
        "corsiAgainst": "46.8% (55.7) // 47.2% (53.9) // 45.1% (53.9) // 47.2% (52.9)",
        "fenwickAgainst": "47.1% (40.4) // 47.4% (38.5) // 44.9% (36.7) // 46.9% (36.3)",
        "shotsAgainst": "47.2% (28.3) // 46.2% (26.5) // 44.1% (26.0) // 45.2% (25.9)",
        "scoringAgainst": "46.4% (26.4) // 45.9% (24.0) // 44.3% (23.5) // 47.1% (23.7)",
        "oppCorsi": "50.6% (60.5) // 50.4% (58.2) // 49.1% (56.8) // 49.6% (57.0)",
        "oppFenwick": "50.2% (42.6) // 49.1% (39.8) // 46.8% (37.0) // 48.7% (37.4)",
        "oppShots": "49.8% (29.3) // 50.7% (28.4) // 48.2% (26.7) // 50.3% (27.2)",
        "oppScoring": "50.7% (29.1) // 49.2% (26.1) // 43.7% (23.2) // 45.9% (23.6)",
        "oppCorsiAgainst": "49.4% (59.1) // 49.6% (57.2) // 50.9% (59.0) // 50.4% (58.0)",
        "oppFenwickAgainst": "49.8% (42.3) // 50.9% (41.2) // 53.2% (42.2) // 51.3% (39.3)",
        "oppShotsAgainst": "50.2% (29.6) // 49.3% (27.6) // 51.8% (28.7) // 49.7% (26.9)",
        "oppScoringAgainst": "49.3% (28.4) // 50.8% (26.9) // 56.3% (29.9) // 54.1% (27.9)",
        "totalOver": 39,
        "totalOverLast5": 60,
        "totalOverLast15": 47,
        "lastTotalOver": 46,
        "last5": "27,30,33,26,24,27,24,39,23,27",
        "fd": "-102/-130",
        "dk": "+100/-130",
        "kambi": "0",
        "lowest": "100 DK",
        "implied": 50.0,
        "overOdds": "+100",
        "underOdds": "-130",
        "overUnder": "+100 / -130"
    },
    {
        "player": "Filip Gustavsson",
        "team": "MIN",
        "opponent": "COL",
        "propType": "saves",
        "line": 28.5,
        "ppLine": "",
        "avg": 25.49,
        "hit": false,
        "diffAvg": -0.11,
        "diffAbs": 0.19,
        "lastAvg": 24.82,
        "diff": -0.13,
        "avgMin": 55,
        "proj": 23.0,
        "lastAvgMin": 59.25,
        "oppOver": 0,
        "teamOver": 32,
        "gameLine": "+195",
        "+/-": 0,
        "L5_+/-": 0,
        "prevMatchup": "2023-11-24 col @ min 22.0 sv",
        "winLossSplits": "32% - 28%",
        "awayHome": "A",
        "playedYesterday": "Y",
        "awayHomeSplits": "28% - 32%",
        "savesAboveExp": 0.594,
        "gsaa": -0.21,
        "corsi": "50.6% (60.5) // 50.4% (58.2) // 49.1% (56.8) // 49.6% (57.0)",
        "fenwick": "50.2% (42.6) // 49.1% (39.8) // 46.8% (37.0) // 48.7% (37.4)",
        "shots": "49.8% (29.3) // 50.7% (28.4) // 48.2% (26.7) // 50.3% (27.2)",
        "scoring": "50.7% (29.1) // 49.2% (26.1) // 43.7% (23.2) // 45.9% (23.6)",
        "corsiAgainst": "49.4% (59.1) // 49.6% (57.2) // 50.9% (59.0) // 50.4% (58.0)",
        "fenwickAgainst": "49.8% (42.3) // 50.9% (41.2) // 53.2% (42.2) // 51.3% (39.3)",
        "shotsAgainst": "50.2% (29.6) // 49.3% (27.6) // 51.8% (28.7) // 49.7% (26.9)",
        "scoringAgainst": "49.3% (28.4) // 50.8% (26.9) // 56.3% (29.9) // 54.1% (27.9)",
        "oppCorsi": "53.2% (63.4) // 52.8% (60.2) // 54.9% (65.8) // 52.8% (59.0)",
        "oppFenwick": "52.9% (45.4) // 52.6% (42.8) // 55.1% (45.0) // 53.1% (41.2)",
        "oppShots": "52.8% (31.7) // 53.8% (30.8) // 55.9% (33.0) // 54.8% (31.5)",
        "oppScoring": "53.6% (30.5) // 54.1% (28.3) // 55.7% (29.5) // 52.9% (26.6)",
        "oppCorsiAgainst": "46.8% (55.7) // 47.2% (53.9) // 45.1% (53.9) // 47.2% (52.9)",
        "oppFenwickAgainst": "47.1% (40.4) // 47.4% (38.5) // 44.9% (36.7) // 46.9% (36.3)",
        "oppShotsAgainst": "47.2% (28.3) // 46.2% (26.5) // 44.1% (26.0) // 45.2% (25.9)",
        "oppScoringAgainst": "46.4% (26.4) // 45.9% (24.0) // 44.3% (23.5) // 47.1% (23.7)",
        "totalOver": 30,
        "totalOverLast5": 20,
        "totalOverLast15": 27,
        "lastTotalOver": 33,
        "last5": "12,25,25,41,11,25,27,20,22,26",
        "fd": "0",
        "dk": "-115/-115",
        "kambi": "0",
        "lowest": "-115 DK",
        "implied": 53.48837209302325,
        "overOdds": "-115",
        "underOdds": "-115",
        "overUnder": "-115 / -115"
    },
    {
        "player": "Jake Oettinger",
        "team": "DAL",
        "opponent": "ANA",
        "propType": "saves",
        "line": 22.5,
        "ppLine": "",
        "avg": 25.12,
        "hit": false,
        "diffAvg": 0.12,
        "diffAbs": 0.13,
        "lastAvg": 20.16,
        "diff": -0.1,
        "avgMin": 57,
        "proj": 19.5,
        "lastAvgMin": 58.78,
        "oppOver": 0,
        "teamOver": 73,
        "gameLine": "-310",
        "+/-": 0,
        "L5_+/-": 0,
        "prevMatchup": "2023-10-19 dal @ ana 27.0 sv 2024-01-25 ana @ dal 18.0 sv",
        "winLossSplits": "64% - 60%",
        "awayHome": "A",
        "playedYesterday": "N",
        "awayHomeSplits": "62% - 63%",
        "savesAboveExp": 0.39,
        "gsaa": -0.9,
        "corsi": "52.1% (62.2) // 56.6% (66.9) // 55.4% (65.2) // 52.1% (59.0)",
        "fenwick": "51.6% (44.3) // 57.1% (47.3) // 55.9% (44.9) // 54.4% (41.7)",
        "shots": "50.7% (30.0) // 57.8% (32.7) // 55.2% (29.2) // 55.0% (27.7)",
        "scoring": "54.3% (30.8) // 58.9% (33.4) // 56.5% (31.6) // 54.5% (28.0)",
        "corsiAgainst": "47.9% (57.2) // 43.4% (51.3) // 44.6% (52.6) // 47.9% (54.3)",
        "fenwickAgainst": "48.4% (41.6) // 42.9% (35.5) // 44.1% (35.4) // 45.6% (35.0)",
        "shotsAgainst": "49.3% (29.2) // 42.2% (23.9) // 44.8% (23.7) // 45.0% (22.7)",
        "scoringAgainst": "45.7% (25.9) // 41.1% (23.3) // 43.5% (24.3) // 45.5% (23.3)",
        "oppCorsi": "46.1% (55.0) // 43.6% (53.5) // 42.9% (53.2) // 43.4% (49.3)",
        "oppFenwick": "46.8% (40.8) // 44.2% (39.3) // 43.2% (38.9) // 43.8% (36.3)",
        "oppShots": "47.1% (28.9) // 44.7% (28.8) // 43.7% (29.0) // 43.5% (26.7)",
        "oppScoring": "44.1% (25.0) // 41.7% (24.1) // 40.6% (23.6) // 42.2% (22.7)",
        "oppCorsiAgainst": "53.9% (64.3) // 56.4% (69.1) // 57.1% (70.9) // 56.6% (64.3)",
        "oppFenwickAgainst": "53.2% (46.4) // 55.8% (49.5) // 56.8% (51.2) // 56.2% (46.7)",
        "oppShotsAgainst": "52.9% (32.5) // 55.3% (35.6) // 56.3% (37.3) // 56.5% (34.7)",
        "oppScoringAgainst": "55.9% (31.7) // 58.3% (33.7) // 59.4% (34.5) // 57.8% (31.0)",
        "totalOver": 62,
        "totalOverLast5": 20,
        "totalOverLast15": 33,
        "lastTotalOver": 67,
        "last5": "14,21,25,22,20,8,27,20,20,32",
        "fd": "-122/-108",
        "dk": "-120/-110",
        "kambi": "0",
        "lowest": "-120 DK",
        "implied": 54.54545454545454,
        "overOdds": "-120",
        "underOdds": "-110",
        "overUnder": "-120 / -110"
    },
    {
        "player": "John Gibson",
        "team": "ANA",
        "opponent": "DAL",
        "propType": "saves",
        "line": 28.5,
        "ppLine": "",
        "avg": 25.56,
        "hit": false,
        "diffAvg": -0.1,
        "diffAbs": 0.14,
        "lastAvg": 33.64,
        "diff": 0.18,
        "avgMin": 55,
        "proj": 32.6,
        "lastAvgMin": 56.68,
        "oppOver": 0,
        "teamOver": 52,
        "gameLine": "+250",
        "+/-": 0,
        "L5_+/-": 0,
        "prevMatchup": "2023-10-19 dal @ ana 21.0 sv 2024-01-25 ana @ dal 40.0 sv",
        "winLossSplits": "43% - 32%",
        "awayHome": "H",
        "playedYesterday": "N",
        "awayHomeSplits": "37% - 35%",
        "savesAboveExp": -0.223,
        "gsaa": -2.1,
        "corsi": "46.1% (55.0) // 43.6% (53.5) // 42.9% (53.2) // 43.4% (49.3)",
        "fenwick": "46.8% (40.8) // 44.2% (39.3) // 43.2% (38.9) // 43.8% (36.3)",
        "shots": "47.1% (28.9) // 44.7% (28.8) // 43.7% (29.0) // 43.5% (26.7)",
        "scoring": "44.1% (25.0) // 41.7% (24.1) // 40.6% (23.6) // 42.2% (22.7)",
        "corsiAgainst": "53.9% (64.3) // 56.4% (69.1) // 57.1% (70.9) // 56.6% (64.3)",
        "fenwickAgainst": "53.2% (46.4) // 55.8% (49.5) // 56.8% (51.2) // 56.2% (46.7)",
        "shotsAgainst": "52.9% (32.5) // 55.3% (35.6) // 56.3% (37.3) // 56.5% (34.7)",
        "scoringAgainst": "55.9% (31.7) // 58.3% (33.7) // 59.4% (34.5) // 57.8% (31.0)",
        "oppCorsi": "52.1% (62.2) // 56.6% (66.9) // 55.4% (65.2) // 52.1% (59.0)",
        "oppFenwick": "51.6% (44.3) // 57.1% (47.3) // 55.9% (44.9) // 54.4% (41.7)",
        "oppShots": "50.7% (30.0) // 57.8% (32.7) // 55.2% (29.2) // 55.0% (27.7)",
        "oppScoring": "54.3% (30.8) // 58.9% (33.4) // 56.5% (31.6) // 54.5% (28.0)",
        "oppCorsiAgainst": "47.9% (57.2) // 43.4% (51.3) // 44.6% (52.6) // 47.9% (54.3)",
        "oppFenwickAgainst": "48.4% (41.6) // 42.9% (35.5) // 44.1% (35.4) // 45.6% (35.0)",
        "oppShotsAgainst": "49.3% (29.2) // 42.2% (23.9) // 44.8% (23.7) // 45.0% (22.7)",
        "oppScoringAgainst": "45.7% (25.9) // 41.1% (23.3) // 43.5% (24.3) // 45.5% (23.3)",
        "totalOver": 36,
        "totalOverLast5": 40,
        "totalOverLast15": 27,
        "lastTotalOver": 76,
        "last5": "24,48,20,34,9,15,19,26,40,28",
        "fd": "-128/-104",
        "dk": "-125/-105",
        "kambi": "0",
        "lowest": "-125 DK",
        "implied": 55.55555555555556,
        "overOdds": "-125",
        "underOdds": "-105",
        "overUnder": "-125 / -105"
    }
]